Nombre de noeuds :
200
Puissance :
60, 95, 55, 70, 55, 85, 85, 85, 100, 80, 65, 55, 85, 50, 80, 80, 95, 50, 85, 70, 65, 95, 55, 75, 50, 50, 50, 100, 90, 50, 80, 100, 65, 80, 50, 90, 65, 85, 85, 90, 65, 75, 65, 100, 65, 85, 70, 50, 80, 90, 100, 55, 60, 100, 70, 55, 75, 90, 80, 90, 100, 65, 70, 70, 95, 85, 90, 80, 95, 50, 85, 65, 80, 80, 100, 60, 75, 90, 100, 75, 55, 85, 100, 90, 55, 60, 90, 80, 75, 85, 50, 85, 50, 70, 95, 95, 95, 80, 100, 60, 60, 90, 65, 50, 65, 90, 90, 65, 80, 90, 75, 95, 75, 85, 70, 100, 90, 95, 50, 80, 90, 60, 90, 90, 65, 80, 50, 85, 75, 95, 90, 65, 90, 80, 85, 75, 80, 75, 50, 90, 90, 95, 95, 75, 85, 95, 50, 65, 100, 60, 90, 95, 60, 55, 90, 70, 50, 100, 55, 55, 50, 85, 50, 70, 65, 70, 55, 95, 60, 75, 70, 55, 60, 60, 70, 90, 60, 100, 70, 100, 70, 85, 75, 85, 85, 55, 50, 70, 80, 75, 80, 65, 70, 55, 70, 90, 65, 95, 80, 50
Voisins : 
000 : 5
001 : 10, 38
002 : 42, 115, 181
003 : 140, 174, 110
004 : 162
005 : 58, 116, 133
006 : 8, 102, 167
007 : 169, 83, 148
008 : 16, 189, 110
009 : 33, 55
010 : 79
011 : 20
012 : 77, 191
013 : 107
014 : 65, 2, 34
015 : 56, 9, 152
016 : 44, 181, 118
017 : 9, 131, 97
018 : 89
019 : 53
020 : 152, 173, 111
021 : 127
022 : 171
023 : 130, 76
024 : 4, 84
025 : 73, 4, 103
026 : 52
027 : 145, 35
028 : 110, 55
029 : 24, 173
030 : 89, 141
031 : 197, 137, 125
032 : 16, 186, 61
033 : 21
034 : 44
035 : 138
036 : 69
037 : 130, 154
038 : 95, 87
039 : 75, 29
040 : 155
041 : 34, 149, 126
042 : 26, 83, 198
043 : 105
044 : 98
045 : 32
046 : 29, 158
047 : 97, 19, 147
048 : 145, 58, 20
049 : 76, 94
050 : 137, 29, 118
051 : 27, 11
052 : 3, 158
053 : 106, 3, 23
054 : 10
055 : 62
056 : 41, 108, 29
057 : 42, 175
058 : 40
059 : 112, 97, 26
060 : 65, 76, 141
061 : 81, 25, 123
062 : 167
063 : 10, 6
064 : 76
065 : 153, 82, 116
066 : 81, 103
067 : 16
068 : 154, 117
069 : 64
070 : 159
071 : 121, 170, 177
072 : 66, 46
073 : 50, 53, 79
074 : 93
075 : 71
076 : 193
077 : 167, 23
078 : 58, 165, 87
079 : 10, 78
080 : 82, 47
081 : 86, 77, 62
082 : 140
083 : 153, 149, 23
084 : 56
085 : 62
086 : 18, 68
087 : 18, 19, 187
088 : 163
089 : 74
090 : 121, 127
091 : 25
092 : 83, 19, 131
093 : 44, 45, 199
094 : 36
095 : 27, 78
096 : 75, 132, 155
097 : 52
098 : 140
099 : 8, 80, 160
100 : 192, 177, 142
101 : 45
102 : 138, 111
103 : 12
104 : 64, 171, 63
105 : 175
106 : 141, 111
107 : 113, 139
108 : 2, 117, 101
109 : 66, 43
110 : 166, 6
111 : 147, 4
112 : 178
113 : 35, 149
114 : 32, 66, 35
115 : 145, 101
116 : 44, 157
117 : 59
118 : 1, 45
119 : 81, 129, 167
120 : 176, 164
121 : 80, 57, 61
122 : 176, 123
123 : 183
124 : 144, 86
125 : 168, 187, 70
126 : 56, 18, 12
127 : 40, 166, 94
128 : 52, 197, 79
129 : 178, 76
130 : 42, 180, 95
131 : 153, 189, 118
132 : 31
133 : 96, 131, 147
134 : 39
135 : 109, 55
136 : 185, 194, 13
137 : 100, 175
138 : 89, 98, 164
139 : 42, 187, 140
140 : 134
141 : 65
142 : 25, 68, 189
143 : 35
144 : 176, 169, 180
145 : 113
146 : 97
147 : 42, 101
148 : 32, 112
149 : 54, 124, 30
150 : 136, 154
151 : 170, 30
152 : 71, 63
153 : 192, 143
154 : 48
155 : 112, 148, 5
156 : 161
157 : 66, 52, 62
158 : 72
159 : 138
160 : 69
161 : 194, 149
162 : 114, 175
163 : 139
164 : 107, 125
165 : 197
166 : 146
167 : 72, 52
168 : 6
169 : 145
170 : 75, 3, 139
171 : 186, 195, 166
172 : 19
173 : 146, 95, 79
174 : 128, 173
175 : 195, 135
176 : 0, 31
177 : 184, 115
178 : 138, 78
179 : 188, 86
180 : 146, 28, 126
181 : 96, 97, 52
182 : 0, 162, 71
183 : 185, 187, 190
184 : 153, 50, 118
185 : 104, 182, 191
186 : 43, 179
187 : 171, 158
188 : 50, 92, 134
189 : 173
190 : 148, 109
191 : 86, 159
192 : 179, 187, 191
193 : 126
194 : 163, 166, 63
195 : 161, 5
196 : 184, 161
197 : 162
198 : 69, 45
199 : 198
Sequence : 
90, 80, 80, 65, 70, 85, 80, 65, 55, 75, 90, 50, 85, 100, 70, 85, 65, 65, 50, 55, 50, 90, 90, 85, 80, 65, 70, 85, 80, 65, 70, 85, 90, 65, 100, 90, 85, 90, 60, 65, 60, 65, 50, 55, 50, 70, 65, 50, 100, 90, 85