u: 106, 789, 373, 133, 235, 330, 901, 794, 469, 729, 349, 857, 256, 290, 384, 864, 78, 503, 518, 600, 910, 488, 178, 406, 843, 586, 305, 915, 445, 126, 230, 639, 892, 932, 819, 664, 114
7: 44, 379, 31, 51
e: 813, 753, 222, 890, 624, 736, 226, 339, 758, 194, 101, 403, 183, 286, 107, 262, 801, 716, 395, 427, 678, 25, 180, 416, 357, 690, 425, 513, 146, 161, 400, 232, 912, 883, 599, 489, 95, 785, 927, 68, 777, 713, 186, 866, 858, 61, 947, 16, 365, 253, 836, 520, 88, 636, 471, 455, 921, 710, 113, 174, 84, 642, 583, 617, 465, 917, 805, 139, 447, 647, 844, 672, 170, 681, 669, 110, 420, 603, 9, 242, 781, 289, 526, 606, 280, 825, 740, 707, 612, 934, 660, 629, 15, 830, 266, 38, 248, 687, 388
a: 675, 810, 272, 620, 166, 498, 345, 944, 452, 312, 574, 251, 880, 433, 302, 7, 191, 422, 188, 749, 645, 770, 744, 904, 370, 362, 259, 841, 792, 766, 121, 721, 475, 333, 957, 596, 118, 460, 909, 822, 239, 634, 937, 868, 666, 391, 297, 855
₂: 568, 560, 556, 539, 535
B: 4, 6, 154
+: 542, 563
j: 594, 762, 496, 706
,: 592, 851, 18, 97, 70, 948, 732, 337, 430, 45
r: 697, 199, 371, 809, 902, 318, 862, 62, 589, 14, 343, 313, 213, 587, 501, 712, 24, 797, 298, 623, 784, 878, 628, 683, 694, 582, 193, 247, 295, 913, 633, 363, 39, 225, 270, 399, 243, 473, 443, 147, 516, 36, 260, 682, 228, 283, 356, 903, 273, 291, 10, 737, 236, 826, 616, 686
→: 550
h: 632, 840, 735, 854, 752, 677, 324, 60, 739, 483
N: 383
c: 674, 734, 59, 129, 99, 156, 751, 928, 352, 87, 649, 882, 212, 939, 662, 224, 738, 853, 482, 258, 411, 676, 182, 168, 522, 796, 402, 780, 397, 476, 946, 423
–: 378
k: 8
’: 763, 407, 579, 221, 100, 468, 595, 117, 361
L: 659, 20, 138, 279
J: 953
.: 837, 136, 954, 698, 276, 922, 381, 52
b: 511, 667
S: 73, 703, 561, 540, 12
«: 657
(: 531, 552
D: 311
M: 55, 293, 268
:: 885, 654, 49, 528, 196
f: 171, 285, 354, 808, 33, 112, 942, 190, 189, 355
8: 42
5: 322
Δ: 377
-: 153, 832
é: 474, 652, 374, 135, 774, 757, 309, 502, 34
i: 730, 408, 755, 92, 684, 209, 82, 525, 590, 824, 704, 905, 861, 145, 727, 160, 798, 767, 848, 515, 626, 597, 771, 74, 192, 271, 499, 943, 245, 478, 37, 214, 415, 392, 296, 696, 335, 306, 484, 434, 920, 715, 201, 874, 693, 506, 486, 615
': 497
ê: 580, 888, 834
 : 490, 725, 800, 472, 481, 172, 281, 907, 348, 331, 19, 325, 301, 658, 673, 679, 219, 351, 123, 509, 419, 688, 914, 845, 613, 790, 817, 670, 747, 115, 32, 527, 119, 577, 648, 98, 148, 598, 111, 807, 264, 705, 787, 217, 338, 711, 203, 394, 517, 382, 181, 549, 389, 401, 86, 104, 733, 691, 859, 803, 436, 441, 661, 775, 886, 653, 507, 108, 765, 375, 137, 58, 723, 621, 461, 167, 458, 873, 359, 610, 699, 175, 545, 637, 543, 410, 321, 140, 46, 80, 640, 759, 768, 566, 267, 448, 779, 404, 929, 521, 884, 439, 237, 829, 197, 551, 466, 630, 564, 40, 187, 938, 386, 368, 742, 541, 838, 155, 918, 303, 935, 601, 328, 208, 827, 227, 233, 128, 292, 310, 750, 761, 952, 955, 27, 500, 820, 894, 319, 593, 495, 618, 584, 869, 719, 5, 90, 63, 852, 867, 75, 164, 323, 254, 257, 898, 195, 249, 240, 11, 604, 562, 708, 29, 891, 431
à: 218, 508, 724, 828, 320
n: 449, 336, 514, 244, 916, 210, 961, 745, 350, 462, 438, 149, 849, 831, 470, 131, 881, 519, 162, 261, 428, 94, 396, 717, 387, 57, 756, 346, 709, 158, 456, 941, 22, 480, 728, 872, 116, 814, 782, 417, 223, 945, 493, 413, 893, 575, 366, 793
o: 663, 353, 229, 492, 65, 125, 56, 695, 450, 130, 871, 510, 294, 900, 847, 412, 931, 877, 940, 960, 157, 650, 21, 437, 200, 317, 142, 284, 205, 342, 177, 316, 269, 463, 479, 523, 398, 444, 77
2: 1, 47, 2, 565, 327, 544
t: 418, 17, 206, 605, 850, 163, 414, 906, 124, 815, 314, 263, 731, 176, 933, 127, 159, 835, 457, 103, 429, 802, 215, 198, 477, 451, 179, 424, 879, 799, 494, 581, 358, 185, 184, 307, 367, 334, 464, 344, 393, 299, 930, 13, 442, 308, 833, 347, 274, 958, 512, 576
l: 776, 409, 220, 554, 459, 81, 66, 769, 165, 748, 238, 91, 668, 169, 865, 109, 619, 385, 614, 689, 804, 602, 548
1: 41, 151, 30, 3
H: 546, 557, 536, 532, 64, 567
C: 534, 555, 839, 553, 547
W: 956
m: 812, 67, 485, 692, 936, 453, 204, 340, 887, 369, 454, 889, 315, 332, 607, 134, 426, 432, 875, 791, 754, 726, 641, 625
s: 102, 69, 671, 786, 83, 216, 816, 772, 773, 234, 287, 746, 79, 591, 722, 718, 635, 585, 144, 143, 643, 795, 202, 959, 288, 644, 806, 504, 89, 778, 26, 96, 132, 435, 870, 390, 908, 505, 609, 211, 207, 122
è: 246, 627, 685
p: 899, 282, 876, 120, 341, 622, 821, 250, 524, 588, 665, 631, 720, 846, 823, 608
3: 48, 326
A: 925, 572
4: 152, 50
;: 896
g: 863, 364, 646, 811, 231, 93, 252
O: 533, 569
»: 700
y: 764, 440, 300, 275
x: 421
v: 446, 860, 35, 76, 926, 714, 573, 911, 919
q: 856, 842, 304, 372, 405, 105, 487
z: 85, 741
9: 43
): 559, 538
₄: 537, 558
": 897, 380, 895, 376
°: 150
—: 951, 760, 28
¶: 278, 950, 71, 962, 655, 277, 949, 72, 53, 701, 924, 656, 530, 529, 702, 923, 570, 54, 571
d: 680, 141, 788, 360, 255, 491, 783, 23, 578, 265, 611, 743, 173, 241, 329, 818, 638, 467, 651